[parameter]
batch_index_max = 65
batch_size = 32
learning_rate = 0.000001
learning_rate_decay = 0.99
epoch = 1
alpha = 0.0004
beta = 0.001
gamma = 0.07142857
theta = 0.001

